2.40756026534 1.5549056867
2.36178904467 1.58443249578
2.34198589431 1.63112600467
2.30992239534 1.66940913702
2.29164051762 1.717866582
2.26368187964 1.75944171589
2.23652682884 1.80181818913
2.20551028188 1.84121851959
2.1768252336 1.88270143678
2.1570459286 1.93241664216
2.11639680663 1.96364822441
2.10199787876 2.01968516623
2.06501414621 2.05465321082
2.02953995774 2.09109845385
2.00709993844 2.14152308467
1.94996196306 2.15472549588
1.8363930345 2.10183237932
1.71045824232 2.02807700742
1.69500732682 2.08243770853
1.65779049674 2.11091733704
1.59413002276 2.10445766479
1.51115278994 2.06897425916
1.41034074925 2.00345377025
1.30387581892 1.92265845687
1.20888427738 1.85134838498
1.11999023614 1.78241697866
0.909750864285 1.50557165112
0.854210160797 1.47106604715
0.808926836224 1.45081636134
0.755653465443 1.41269166623
0.719935376965 1.40430952217
0.663590987428 1.35202958714
0.631397360234 1.34530164183
0.584507427641 1.30410501426
0.551833845834 1.29112121023
0.513385745374 1.26165534037
0.481550565135 1.24524250149
0.446314442624 1.21684458162
0.415172307292 1.19610935129
0.382089768387 1.16611395987
0.359913629796 1.16687260198
0.335881241566 1.16049027396
0.304082190047 1.12370538907
0.280760858729 1.11429735734
0.251493017447 1.07715575806
0.229922810188 1.06867323432
0.206406171449 1.04799593595
0.185796917482 1.03864313788
0.168916066154 1.04962704368
0.145047489665 1.01381006816
0.125841479029 1.00428145167
0.10894018749 1.01229148336
0.0899135033069 0.999100281631
0.0708746518258 0.978576116418
0.0537878632341 0.97966521604
0.0361601671782 0.966465774192
0.0189897415963 0.951953887175
0.00234211084865 0.939141556332
-0.013807833974 0.923042344722
-0.0295568505126 0.911667763448
-0.0444154040298 0.890040282488
-0.0606786268763 0.90010595261
-0.0752761036441 0.885957674451
-0.0911321210406 0.888489353638
-0.105786750981 0.87981474726
-0.11866365122 0.860004519248
-0.132267131069 0.848911054624
-0.147915611779 0.851400836248
-0.163502708696 0.852619292887
-0.177123151776 0.843765076595
-0.192041838644 0.841521481834
-0.207175520099 0.839984789913
-0.215136388296 0.811111070468
-0.22761793746 0.801462315956
-0.237219462684 0.783013210286
-0.252992299034 0.785418008025
-0.266012415119 0.778991591155
-0.277527006773 0.768588154799
-0.295167592678 0.774842777905
-0.309015215074 0.770502719461
-0.30648970347 0.727211817099
-0.322367236732 0.72906999069
-0.338822268052 0.731500582753
-0.350226397632 0.722777348493
-0.365043281745 0.721017073942
-0.373831014908 0.707464372594
-0.38997903363 0.707840483373
-0.402270643706 0.700927811578
-0.411875529186 0.689509195365
-0.423843879233 0.682217168977
-0.438938073795 0.679757806167
-0.452403284997 0.674486336649
-0.466960635057 0.670592395126
-0.471561990145 0.652615635173
-0.4846766705 0.646688104861
-0.493432048945 0.634973685447
-0.508827448102 0.631717894334
-0.524898999606 0.628884171864
-0.527942629693 0.6105521374
-0.535179209646 0.597522190892
-0.548923977039 0.591757733873
-0.562629501352 0.585694368761
-0.572057791832 0.575078224077
-0.595638180284 0.578241601018
-0.617310292211 0.578701414869
-0.628796321954 0.569182988406
-0.636372611492 0.556149542047
-0.647508087224 0.54624929941
-0.648409527067 0.527922308394
-0.663813161456 0.52146823422
-0.676795858394 0.512824194794
-0.681602756786 0.49798628506
-0.719623879591 0.506740420041
-0.726700425285 0.492982657596
-0.733516396833 0.479132513001
-0.750231023837 0.471580057476
-0.766902921218 0.463588495392
-0.790439599283 0.459174749493
-0.806190757154 0.449694427654
-0.815677215597 0.436500665095
-0.837405846473 0.429500264211
-0.85105529236 0.417906059453
-0.87360533013 0.410214670697
-0.899791488613 0.403497578707
-0.914049942256 0.390878551768
-0.928139699706 0.377883720996
-0.936456096901 0.362350621223
-0.967982827074 0.355252887334
-0.966475448358 0.335682402744
-1.01114487933 0.331534902935
-1.01581884912 0.313543866557
-1.04995033492 0.304111972811
-1.06474796841 0.288355674963
-1.07446414197 0.270952607536
-1.09363358525 0.255572328221
-1.13702925007 0.244864928934
-1.16957997839 0.2305914633
-1.19409526997 0.213845251947
-1.23121056617 0.19837898828
-1.25032127726 0.179129829186
-1.28996703438 0.161886042175
-1.3224209532 0.142561996837
-1.35757200512 0.122422571234
-1.37745217252 0.100013935937
-1.42192048507 0.0783207094722
-1.45304720081 0.0546179883374
-1.50776579489 0.0303327136333
-1.54706292564 0.00411526063082
-1.5948912672 -0.023598660155
-1.6352125603 -0.0527542540831
-1.63903410499 -0.0815322680373
-1.62039736828 -0.1089813966
-1.60130705531 -0.135805250988
-1.60068007433 -0.163933968666
-1.59062276738 -0.191008265212
-1.55039148398 -0.213682822784
-1.5355545691 -0.239014238174
-1.52819103788 -0.2652623857
-1.52136210402 -0.291514814695
-1.51212546594 -0.317199021229
-1.48295816909 -0.338200959251
-1.46032176718 -0.359959089336
-1.44704860777 -0.38359482126
-1.42666358339 -0.404965317539
-1.41746196892 -0.429221284035
-1.52778166259 -0.49190813979
-1.58520599213 -0.541115274162
-1.6498230991 -0.595526273495
-1.80271301261 -0.68652262434
-2.7258788113 -1.14864556581
-3.20569342205 -1.41724425211
-1.55877981253 -1.91463443292
-1.38244025272 -1.7598810708
-1.28025718965 -1.68968229868
-1.16681066768 -1.59710163417
-1.09961109265 -1.56161872216
-1.03121084238 -1.52015579989
-0.97663461261 -1.4952194111
-0.926443960739 -1.47393430113
-0.876783766324 -1.45050852156
-0.82220397902 -1.41543342985
-0.806140475234 -1.4452867926
-0.787395784801 -1.47147895844
-0.762505038116 -1.48677524173
-0.754947027303 -1.53755715694
-0.732669797875 -1.56045476016
-0.70695835227 -1.57665279381
-0.691517606888 -1.6172539524
-0.66695469107 -1.63833736943
-0.644390623148 -1.66558173951
-0.617632561911 -1.6831446751
-0.606200742029 -1.74562374417
-0.580935322873 -1.77209071659
-0.559056670865 -1.81158043364
-0.534861357911 -1.84699502803
-0.505417155498 -1.86666500886
-0.485469249374 -1.92562309583
-0.453833114573 -1.94256537903
-0.428907189134 -1.99222615005
-0.39909669354 -2.02491625651
0.0458108923232 -3.08151388154
0.0977755421896 -3.02427312099
0.150046281898 -3.01211728656
0.204677701542 -3.03996848269
0.267348048893 -3.14952355914
0.337165023976 -3.28961559415
0.402856681121 -2.92119957709
0.450701825341 -2.89396092427
0.502853474719 -2.89550561303
0.688434240001 -3.28038408281
0.737796748984 -3.23374529031
0.596220273872 -1.85119691087
0.624885266509 -1.8300983807
0.67099570576 -1.85841645787
0.704753769302 -1.85015976601
0.714605127889 -1.78188852517
0.758024822287 -1.79863255779
0.814374530837 -1.84183233336
0.789237920844 -1.70393290887
0.839788963858 -1.73309404237
0.873975528569 -1.72620200659
1.54601321741 -2.39404257533
1.57196436845 -2.34344203029
1.07429947884 -1.54262383558
1.1280033862 -1.56092262757
1.09989773652 -1.46738096968
1.14313755599 -1.47085850711
1.15797143337 -1.43744381995
1.34565250644 -1.61200795849
1.31078801939 -1.51566285786
1.37507456129 -1.53501153076
1.41934023613 -1.52983866066
1.44513318401 -1.50411247994
1.53041037843 -1.53821044181
1.55487259861 -1.5091760911
1.38252557423 -1.29579518129
1.41531225904 -1.28086275954
1.4434775492 -1.26122982745
1.49737612889 -1.26292390053
1.48817055027 -1.21134503024
1.49099944986 -1.17098048358
2.26445970831 -1.71542985572
1.49381754485 -1.0910960105
1.50691107887 -1.06082819052
1.53264643715 -1.03941802739
1.5413458674 -1.0064954338
1.61032718065 -1.01189847684
1.70134702837 -1.02812144605
1.55040942054 -0.900337897241
1.59034328922 -0.886778667575
1.6135157206 -0.863132737399
1.63990414013 -0.84077193024
1.74499459706 -0.856530712112
1.74972240737 -0.821270305757
3.97884717977 -1.2275078003
4.02944387556 -1.16650043194
4.02752546057 -0.940593606476
3.95143444361 -0.850379428693
3.92643097153 -0.773553555827
3.88027436974 -0.694338355393
3.80393554968 -0.612363029434
3.7219845722 -0.532701301534
3.7674295838 -0.472264776141
3.79399126606 -0.408475467636
3.18248192173 0.27035237117
3.16733356922 0.324834617044
3.12544171938 0.375768372181
3.09958827982 0.427662832786
3.05213153943 0.47553823124
3.03548801234 0.527365110769
3.00814624641 0.576873346101
2.96826246442 0.623124077893
2.93743901695 0.670384719902
2.91364327511 0.718676016605
2.88906050714 0.766341825333
2.85023735616 0.809544968622
2.86343180836 0.867573962428
2.96207842953 0.95420576482