3.40413928769 -1.11021143493
0.86764959258 -0.266327556878
0.872167066969 -0.251137687287
0.877384384028 -0.236131159639
0.880403357214 -0.220533016473
0.887042056928 -0.205805583987
0.888544450156 -0.189868522731
0.890742942213 -0.174133755431
0.894632500752 -0.158729613011
0.898255585729 -0.14324273361
0.900620272331 -0.127537462206
0.911642220863 -0.112899881888
0.91944173895 -0.0975992808082
0.925987101111 -0.0819724234382
0.564806647932 -0.0301456978843
0.552256715469 -0.0198092716658
0.539522171795 -0.009920253118
0.519614668503 -0.000474231042729
0.508546864919 0.00842112275056
0.489334875232 0.0166595643271
0.477985608824 0.024640119126
0.465512675661 0.0321610806219
0.453922864108 0.0393404728636
0.443222364601 0.0462288267851
0.433415510445 0.0528767369945
0.423514460744 0.0591967253439
0.41451551378 0.0653429313402
0.405433595178 0.0711934180677
0.39627624946 0.0767471984217
0.38802942019 0.0822103054367
0.380689417539 0.0876332341889
0.373280224636 0.0928253844341
0.365807682309 0.097786031683
0.357315999369 0.102239976304
0.350695698609 0.107010521868
0.343067889864 0.111273561197
0.336345851116 0.115628026283
0.329577880267 0.119782220818
0.322768883443 0.12373588238
0.316851452483 0.127862492315
0.310889521542 0.131820661828
0.304887186831 0.135610125934
0.298848539485 0.139230712121
0.292777583156 0.142682300966
0.287569911246 0.146417925754
0.282321936562 0.150015611821
0.277036932594 0.153475132855
0.271718089696 0.156796291848
0.266368594106 0.159978960028
0.261840317177 0.163552110987
0.25642983941 0.166472511547
0.250998068922 0.169254348484
0.246367952086 0.172470456592
0.241702650742 0.175576828407
0.237004578672 0.17857322414
0.232276147158 0.18145945472
0.228297609135 0.18486386451
0.223504590423 0.187542879154
0.219443624866 0.190766514883
0.214594681032 0.193237371164
0.210458995358 0.196278655475
0.206282883587 0.199234646273
0.20206803798 0.202104842073
0.19851161111 0.205607367424
0.19421179107 0.208316669464
0.18987821714 0.210938733431
0.186169474178 0.214227171631
0.181760271126 0.216685026763
0.177322318239 0.219054463097
0.172857317414 0.221335182588
0.168969723762 0.224324981701
0.165030543021 0.22724647759
0.161040975103 0.230098780338
0.157002235268 0.232881021105
0.152915553757 0.235592352396
0.148782175413 0.238231948312
0.144603359301 0.240799004806
0.14038037833 0.243292739928
0.136600290527 0.246586499174
0.13227752276 0.248939680025
0.127914344702 0.251217059776
0.123951431134 0.254316248447
0.119919300984 0.257353360539
0.1158188939 0.260326867592
0.111651230442 0.263235363977
0.107417312773 0.266077350709
0.103477601247 0.26978463147
0.0997841470874 0.274374157083
0.0992278212483 0.28836770337
0.105653572456 0.325238879024
0.10231015877 0.334687854983
0.0964550328981 0.336429172259
0.0918697704197 0.342896248228
0.0861159628052 0.345424153086
0.0807539687086 0.349803571157
0.0752652543392 0.354100130852
0.0696510998235 0.358310768819
0.0640875571675 0.363416958627
0.058366909395 0.368436900354
0.0524904885444 0.373366632699
0.0465826722679 0.379194644227
0.0403817375105 0.383934241326
0.0341177874237 0.38956774856
0.0275986406157 0.394100543918
0.0209851256322 0.399521771061
0.0141908264506 0.404830652336
0.00723621993199 0.411022372661
7.09895010609e-05 0.418092789931
-0.00733871334749 0.425036146967
-0.0149567891637 0.430846619285
-0.0227797363305 0.436518829039
-0.0308736832754 0.443044993452
-0.0392020999998 0.449419452455
-0.0477621196464 0.455636012735
-0.0564299421042 0.460695840175
-0.0684647251172 0.488369742789
-0.0810152384879 0.512791532637
-0.0902959341132 0.513276281087
-0.0977206155862 0.503774264763
-0.105462018948 0.497106946539
-0.113896218984 0.494222799803
-0.12322526474 0.495078137278
-0.133391823316 0.498656119017
-0.147564473686 0.515490171647
-0.160032907302 0.52432248209
-0.173161392159 0.533824519918
-0.186019889942 0.541132506371
-0.20293592877 0.558491719557
-0.217653369836 0.567947261718
-0.232387439774 0.576127625037
-0.245912836349 0.580279269432
-0.266550331914 0.599669577813
-0.283719904962 0.609441301768
-2.09779327305 2.41820786821
-2.38245186732 2.47218668452
-0.755104379682 0.70542106794
-0.758390156864 0.684102706661
-0.731758659262 0.637268535946
-0.742767513398 0.624407260824
-0.745785602012 0.605054103954
-0.74599473575 0.583938191303
-0.739313107919 0.558180164392
-0.738431640944 0.537546407814
-0.73214710171 0.513668940398
-0.724430260997 0.489617782184
-0.737053745957 0.479634658648
-0.737683474795 0.461927381398
-0.737921854199 0.444345651909
-0.738638951552 0.42739863358
-0.737243128234 0.409591615097
-0.751337130607 0.400432782643
-0.733275350996 0.374526946224
-0.729816999528 0.356846336474
-0.723250261534 0.338131164432
-0.728126655143 0.325056213655
-0.724486434355 0.308388530179
-0.721415673708 0.292323701122
-0.710541755715 0.273585900674
-0.700177626477 0.255661590706
-0.700750672038 0.242103200826
-0.713424135621 0.232633765194
-0.702078193941 0.215459471204
-0.699964182467 0.201520308574
-0.691785343155 0.186161827863
-0.695897406613 0.174309866151
-0.69980609133 0.162370977979
-0.703509614481 0.150348657192
-0.704062035903 0.137670801591
-0.696509757773 0.123621767982
-0.697572045152 0.111296382696
-0.689505479243 0.0977093226576
-0.685149703958 0.084929934599
-0.692492445272 0.0735998998467
-0.683708925016 0.0606273405253
-0.692641235972 0.0492592327032
-0.693393870611 0.0371702074092
-0.696933485489 0.0251778579452
-0.695265498489 0.0129805033847
-0.69038459006 0.000845749309744
-0.688292930083 -0.0111637955788
-0.6919893615 -0.0233029649584
-0.703459967163 -0.0359845213434
-0.691749232688 -0.047494027989
-0.687824537513 -0.0592945410691
-0.687678003723 -0.0713864122605
-0.688311228097 -0.0836120193782
-0.679812635205 -0.0946385855514
-0.677068014823 -0.10632644966
-0.682002622941 -0.119327999253
-0.687669318972 -0.132723585734
-0.684268311537 -0.14449128041
-0.687488480854 -0.157747992785
-0.677835242256 -0.168029526494
-0.683493791822 -0.182146944718
-0.671555165459 -0.191569782987
-0.67002118742 -0.203836775269
-0.672068474406 -0.217340348889
-0.671954938535 -0.230327874169
-0.670651471256 -0.24303628295
-0.665372236151 -0.254339671227
-0.665468447962 -0.267774519991
-0.668980597371 -0.282848570676
-1.11969942171 -0.618757799574
-2.70235135631 -1.5559603201
-2.64905112359 -1.58745607462
-2.60481723366 -1.62338896992
-2.46360734821 -1.65746459845
-3.03859683377 -2.4547194071
-2.18407539887 -1.82818499921
-2.10726488472 -1.82735830181
-0.829851215771 -0.77170671397
-2.42740111219 -3.21336638814
-2.1766886471 -2.98847044933
-2.1649868314 -3.08411223248
-1.58286851045 -2.73395643268
-1.51013787023 -2.71657966846
-1.48037190104 -2.77604713717
-1.58092381148 -3.09354123096
-1.48627139443 -3.03800924768
-0.290278794799 -0.944420362686
-0.273750611154 -0.949335852963
-0.25454043385 -0.944305718196
-0.238019694152 -0.948597505538
-0.223234683284 -0.960393321014
-0.195153093376 -0.911328586806
-0.206463857586 -1.05395038284
-0.159207674715 -0.89492447196
-0.191131854345 -1.19579014368
-0.15845048638 -1.11576729003
-0.125550194738 -1.01018301962
-0.1161372186 -1.08977730041
-0.0942749754779 -1.0597563479
-0.0780307799097 -1.0931530749
-0.0592063054115 -1.09933452835
-0.0412333423759 -1.13417166599
0.0526616707644 -1.56800998985
0.0779709042401 -1.52689796477
0.108316712011 -1.57917033455
0.136120310624 -1.58002158706
0.1574697207 -1.51772051855
0.194202018848 -1.59911199633
0.222910920217 -1.60141497529
0.164759361417 -1.05000042785
0.187720369493 -1.07355330383
0.201875710685 -1.04654280901
0.224454959235 -1.06339934271
0.247682869361 -1.0797803089
0.272753896637 -1.10052089988
0.295529384712 -1.10911330263
0.315117236404 -1.10474155377
0.341634405945 -1.12298256455
0.36487842681 -1.12825913619
0.384839807451 -1.12265847429
0.424153539573 -1.17028812461
0.431292902974 -1.12814367426
0.460257509479 -1.1436279078
0.442734241254 -1.04700498999
0.288907472179 -0.651580867213
0.300236689096 -0.646432764307
0.308412588391 -0.634792795056
0.318992829946 -0.628415348058
0.337877816825 -0.637764535549
0.35670011701 -0.645766231998
0.367917529403 -0.639435869907
0.382621486906 -0.638914826661
0.390012405876 -0.626192713273
0.43568146781 -0.672996872023
0.420005990895 -0.624631268242
0.506438973491 -0.725409861612
0.50904620184 -0.702689868642
0.51161878728 -0.680903387684
0.574454355862 -0.73732457341
0.656368431443 -0.812741420001
0.756475867592 -0.903899601037
0.793104934941 -0.914726428962
0.833009394174 -0.927518275341
0.912042291222 -0.823264347637
1.03560192333 -0.90246276729
1.23185537502 -0.999983316109
2.10259652271 -1.64663394675
2.2412396628 -1.63228189053
2.35778794513 -1.65495428098
2.46418537028 -1.6661954567
3.30750063426 -2.15320719027
3.26491487978 -2.04524926861
1.76692403406 -1.0228356095
2.40866231733 -1.28419320082
2.43850829256 -1.0889618455
1.45517848394 -0.619631904689
2.45093388955 -0.993416201931
2.45390195935 -0.945092727325
2.39769623415 -0.875701038597