-1.9873251321 2.69839763372
-1.99709194783 2.6148280197
-2.02504178177 2.55762780105
-2.03004244895 2.47396995229
-2.07938555947 2.44578825616
-2.08474261044 2.36710361067
-2.07452005589 2.27421308279
-2.07887257665 2.20059142604
-2.26335149462 1.94196255851
-2.30998994866 1.91301461757
-2.41645328168 1.93109952844
-2.53294058181 1.95274977752
-2.50404002641 1.86171082564
-0.952296083865 0.657610524807
-2.08345962973 1.23364163659
-2.00297254784 1.13924904359
-2.02781510246 1.10699917987
-2.0353074556 1.06541618873
-2.05359020788 1.02973811113
-2.07665707964 0.996341968496
-2.0864561039 0.956618462141
-2.1064967853 0.921667727135
-2.13148986656 0.888617265357
-2.1410949498 0.849075596911
-2.15465013278 0.811231879568
-2.15717608069 0.769477886746
-2.17501348804 0.733315482417
-2.1817608444 0.693432326819
-2.21939959215 0.662983080129
-2.22100077946 0.621458825691
-2.32632874747 0.607363775259
-2.33657305897 0.566676439426
-2.34805716439 0.526253866336
-2.38038985276 0.490038811862
-2.3856298121 0.447872330566
-2.39702513939 0.406843626823
-2.42363690394 0.32481064207
-2.46235367541 0.242885656829
-2.46521958812 0.199799116144
-2.44737179978 0.155419463625
-2.51264388875 0.115581783252
-1.99148913874 0.0568203057471
-2.51714415082 0.0278538643357
-2.55024487046 -0.0162871975435
-1.7967623776 -0.0742016894275
-2.61577275348 -0.153830799297
-3.24484709996 -0.247737614892
-1.36926778654 -0.128548918269
-2.39145358944 -0.266768673955
-2.29023326063 -0.296020468512
-1.89765223505 -0.312928313549
-2.1033902443 -0.384686589906
-2.07184519294 -0.416404366157
-2.02909648357 -0.444783751461
-2.15723053134 -0.512491461948
-2.14214404982 -0.548568190493
-3.52557626439 -0.968809075496
-3.53115742404 -1.0369493845
-3.60891611754 -1.12856223914
-1.45280472338 -1.52348494452
-1.44360320378 -1.567731274
-1.19346498426 -1.34229453777
-1.19004287033 -1.38643979333
-1.14907925745 -1.38696851373
-1.12906719022 -1.41227442619
-1.10424630397 -1.4317590662
-1.07431571983 -1.44438768844
-1.0466124259 -1.45966084301
-1.02609182332 -1.48510453392
-0.957922178063 -1.43950261226
-0.956378959927 -1.49305078894
-0.892413108687 -1.44820619255
-1.73707257949 -3.78773014903
-1.59535607514 -3.82572958624
-0.64616880166 -1.62852576331
-0.595800528095 -1.58152640732
-0.174516792069 -2.74439664655
-0.130128808852 -2.82393785416
-0.0813073843383 -2.84276691275
-0.0316032946814 -2.8367479703
0.0621206449772 -2.61417577702
0.159016989957 -2.70723725495
0.20700348727 -2.71401544582
0.208308477285 -0.628194294972
0.733379772593 -1.97612472575
0.511416294182 -0.947590637273
1.8675614216 -2.63139041099
1.87584560564 -2.54766166998
1.9606882188 -2.56777904225
1.92637523549 -2.43359066641
1.96411499017 -2.39418313557
0.428473986911 -0.50430069076
0.437211325557 -0.49674077811
2.08102432084 -2.20334090502
0.639526307876 -0.654023715474
2.13558742001 -2.03619110604
2.14652131445 -1.97625406516
2.17395925044 -1.93250674032
1.97269662995 -1.03279224029
1.25774296883 -0.524423837619
1.31211283495 -0.442418543143
1.34060200155 -0.426110362598
1.42736327921 -0.426400468725
1.43266293868 -0.400880481537
1.3397829508 -0.349791528745
1.34957231555 -0.327293387806
1.44485308104 -0.323804760512
1.52276571097 -0.313454659982
1.44839632991 -0.271880905625
1.4519362144 -0.246388980694
2.48208045037 -0.114045689564
2.48969173331 -0.0708757485724
2.48855109704 -0.0273865709364
2.48165155167 0.0160090811515
2.51898456571 0.0602296650135
3.15700480252 0.130628383578
1.95432116696 0.115100426276
1.93905393385 0.148205665888
1.8764364481 0.176416586396
1.85220263193 0.206814152966
1.7947582941 0.232188440989
1.8092318206 0.266246132249
1.75300439503 0.28932216585
1.73883637139 0.318257771522
0.467344925512 0.0940984229967
0.465632839461 0.102245587979
0.470589169401 0.111980032546
0.466627062101 0.119684804068
0.462540047982 0.127285516231
0.457371089132 0.134498368826
0.453046624869 0.141868305237
0.447655864679 0.148813313662
0.443105047939 0.155945262583
0.438442317516 0.162963873989
0.4336702396 0.169867424013
0.429716182411 0.177034799913
0.424726428096 0.183719357499
0.420545827675 0.190696491208
0.416251408637 0.197583753326
0.411845085883 0.204379327169
0.40732869616 0.211081382529
0.403584116731 0.218163302821
0.399716511069 0.22517879258
0.395727057285 0.232125714821
0.391616970605 0.239001953444
0.387387503 0.24580541388
0.383875114658 0.25308404358
0.379401059817 0.25975024523
0.374811345136 0.266337348561
0.370912586151 0.273436304994
0.366880079598 0.280480118256
0.362714518771 0.287466241477
0.358416715625 0.294392190346
0.353987527709 0.301255492173
0.350178286926 0.308714528174
0.345477303874 0.315458044075
0.341374446678 0.322817970969
0.337119576069 0.330130337515
0.332713109728 0.337392071954
0.328155526388 0.344600102746
0.324124647591 0.352487066113
0.319917906843 0.3603376045
0.315535378942 0.368147993842
0.310977157459 0.375914433604
0.306867802846 0.384414365291
0.302555798073 0.392884368369
0.29863765793 0.402122464202
0.29681873475 0.414593326044
0.296358913308 0.429589403476
1.65410655679 2.58379200207
1.54364039785 2.82807126975
1.49358622047 2.85370010498
1.43728049508 2.86682277649
1.38746253333 2.8923768755
1.3330224556 2.90797504429
1.25521168567 2.8694206901
1.2230298368 2.93427596991
1.17458395821 2.96261576043
1.11494948852 2.96208004195
1.06980522234 2.99993000755
1.01121724187 3.00014474726
0.959007777113 3.01829436635
0.913056003768 3.05757267149
0.840424437724 3.00467334066
-0.382626793071 4.06915677499
-0.440496482814 3.94459267142
-0.668328422806 3.65147314478
-0.811845585762 3.70114807172
-0.880707354743 3.70490618328
-0.946472101349 3.6938201438
-1.01291280355 3.68445863346
-1.39640559503 2.69716106867
-1.39765118733 2.58791292017
-1.44260228929 2.56313159522
-1.46183667617 2.49442965626
-1.90647422543 3.12685606556
-2.04138650213 3.09934945662
-2.08105288223 3.04261983739