0.137882640223 -0.215310540025
0.139957717799 -0.210368562779
0.141333816382 -0.204598312033
0.143135328895 -0.199657354474
0.144808068769 -0.194716612026
0.14696398687 -0.190570422209
0.148394698828 -0.185628275641
0.150336967089 -0.181464512036
0.152179606187 -0.177290010582
0.153922841075 -0.173106973633
0.155566953214 -0.168917603231
0.157112240021 -0.164724056171
0.158559074572 -0.160528509311
0.160623422352 -0.157031671601
0.161886716332 -0.152825980733
0.163792186238 -0.149297638919
0.164873016286 -0.145089437447
0.166619967634 -0.141536374087
0.168293468871 -0.137966770108
0.169893478192 -0.134382102894
0.171419994765 -0.130783855219
0.172873011343 -0.12717347835
0.174252584746 -0.1235524463
0.17555878877 -0.119922218523
0.176791725707 -0.116284248595
0.17795152616 -0.112639983673
0.179038348848 -0.108990863941
0.180915678563 -0.105843020345
0.181865823025 -0.102173344787
0.183623739988 -0.0989771933048
0.185325608678 -0.0957508487309
0.186970910688 -0.092495293841
0.188559144844 -0.0892115203087
0.190089827354 -0.0859005284032
0.191562491958 -0.0825633266847
0.192976690068 -0.0792009316972
0.194331990905 -0.0758143676587
0.195627981632 -0.0724046661495
0.196864267477 -0.0689728657976
0.198040471855 -0.0655200119626
0.199156236484 -0.0620471564172
0.201170959264 -0.0588362086881
0.202169598654 -0.0553097365801
0.203106540523 -0.0517663729106
0.204954635096 -0.0484374384231
0.20577121465 -0.0448465158503
0.207505577725 -0.0414380281147
0.209183464089 -0.0379826473785
0.210803764257 -0.0344813119141
0.213354883797 -0.0310795353582
0.214859103465 -0.0274719097717
0.216302216987 -0.0238212533614
0.217683165135 -0.0201286037484
0.219000921191 -0.0163950240672
0.220254476705 -0.0126216005067
0.222442030495 -0.00884977018266
0.223564786722 -0.00498256367526
0.225620099371 -0.00108433237136
0.226607035606 0.00287206073984
0.228523978558 0.00689199495202
0.230369138906 0.0109796529223
0.232140722219 0.0151337420194
0.233837002102 0.0193529307518
0.236451308909 0.023734968667
0.237989885527 0.0280975417237
0.23944773711 0.0325209357647
0.241811721527 0.0371547163466
0.243100360922 0.0417124372639
0.245285752182 0.0465117860688
0.247376875932 0.0513999053676
0.249371346112 0.0563749606188
0.252238293668 0.0616716821356
0.254027975651 0.0668317571851
0.255713582451 0.0720728030819
0.258250760981 0.0776799287664
0.260669035864 0.0833971656275
0.262965399457 0.0892220696322
0.265136808688 0.0951520972604
0.267180300719 0.101184641241
0.270022159246 0.107686582475
0.27271715392 0.114317933524
0.276177373172 0.121477286767
0.278560658387 0.128373791952
0.281687203303 0.135823272111
0.285530520252 0.143869302766
0.28829153273 0.151625193293
0.291744528205 0.160000432459
0.294991248112 0.168541317009
0.298886922088 0.177753533018
0.30254894705 0.187151794373
0.305971987354 0.19673068359
0.309150926252 0.206484718392
0.311258421692 0.215839116545
0.319629509693 0.229995761706
0.322786334488 0.240922840492
0.325657030213 0.252028484962
0.332919660248 0.267056523022
0.335905887345 0.27921887124
0.343874585132 0.29612843833
0.34687096593 0.309407294257
0.356121643655 0.328980809322
0.359005573678 0.343441357735
0.365756324037 0.362319729157
0.373350857859 0.382965606756
0.381703887183 0.405437747123
0.390054964027 0.429052716976
0.397693434019 0.453077455239
1.39274973128 2.81752647843
1.33096899111 2.81519500095
1.27710810434 2.82797674951
1.23033111022 2.85626979073
1.17232502726 2.85788584586
1.12227193681 2.87791706245
1.0214858738 2.91628753539
0.944359667639 2.85488021092
-0.138194723153 1.68050113308
-0.61503585907 3.25664293362
-0.670357838479 3.23856486061
-0.757525700159 3.36295983131
-0.8132598346 3.33757435451
-0.878735709373 3.35093153113
-1.12718033389 4.01190120855
-1.15050171403 3.83644865806
-0.550455140574 0.687030250684
-1.18825926746 1.28794718222
-1.14493326987 1.19832483718
-1.24973647987 1.21982203367
-1.23312116828 1.12229754028
-2.51781072471 1.7833288819
-2.50890070213 1.71206491415
-3.12338545789 2.05245535005
-2.89587275907 1.69289807161
-2.8735279774 1.61322319925
-2.86514664268 1.54338934339
-1.76587988725 0.911826984568
-1.76807608746 0.874227145681
-0.62303047617 0.268445590742
-0.682201149205 0.279936562791
-0.728903276043 0.284349018573
-0.654975455286 0.242433116921
-0.697797478983 0.24453058537
-0.664931183604 0.220068698752
-1.90978125881 0.595268345357
-1.79990804413 0.526747085835
-1.68536773765 0.46146071174
-1.19511313189 0.3049279561
-1.04162961874 0.246501234618
-0.834737691312 0.182235293322
-0.83778855582 0.167645950412
-0.774666421906 0.141012888399
-0.665495923854 0.109195072386
-0.653444874842 0.0955468212453
-0.565742144565 0.0726813171917
-0.538097771691 0.0596153222478
-0.499225519835 0.0465190836891
-0.502950442104 0.0380314313338
-0.506530147432 0.0294278190505
-0.511960069097 0.0207914013243
-0.514241960323 0.0119056602779
-0.517368952634 0.00295197859865
-0.521338947796 -0.00611929258982
-0.525148514892 -0.0153282637916
-0.529793062659 -0.024718991351
-0.534268217568 -0.034276481186
-0.537572756121 -0.0439158994385
-0.541697427687 -0.0537801817831
-0.543653427988 -0.0635687428881
-0.546422800196 -0.0735756947327
-0.547030080884 -0.0833964170388
-0.543517404385 -0.0925875257998
-0.538868335253 -0.101496092613
-0.516447982532 -0.106624103734
-0.493043308179 -0.110782128203
-0.479373212954 -0.116523688436
-0.466623637337 -0.122076315175
-0.453829396541 -0.127220307923
-0.443874511819 -0.132817378403
-0.255705851246 -0.081287294204
-0.413387693225 -0.139562709041
-0.405237377911 -0.144728013622
-0.397034268719 -0.149651994032
-0.386925936749 -0.153595302549
-0.376803026972 -0.157232299845
-0.367588920529 -0.160965503777
-0.359269728707 -0.164843581502
-0.350928663479 -0.168481105198
-0.342571600521 -0.171878534465
-0.334204391827 -0.175036461402
-0.325832784423 -0.177955566979
-0.318331320235 -0.181131998376
-0.310819443536 -0.184101597588
-0.303302075379 -0.186864991715
-0.296625717447 -0.189962984387
-0.289934524166 -0.192885562653
-0.283232597524 -0.195633187122
-0.276523945382 -0.198206356634
-0.269812627544 -0.20060570816
-0.263102655016 -0.202831949629
-0.256398036249 -0.204885894435
-0.250472197106 -0.207406995026
-0.245295347152 -0.210436272692
-0.23934260054 -0.21268335771
-0.233386728809 -0.214787435813
-0.228153971285 -0.217439805448
-0.222189122451 -0.219272171527
-0.216230327282 -0.220963234953
-0.210966703884 -0.223241469738
-0.205689708109 -0.225403751203
-0.200401796202 -0.22745033583
-0.195105391192 -0.229381508336
-0.189802902719 -0.231197602627
-0.185116669789 -0.233683669273
-0.179795396138 -0.235281503706
-0.175067157189 -0.237571112173
-0.17031385021 -0.239767664832
-0.165537261487 -0.241870962909
-0.160739177417 -0.243880840978
-0.156455943254 -0.246642388427
-0.151605485484 -0.24847441681
-0.146738767656 -0.250212548728
-0.141857614782 -0.251856829124
-0.13696378694 -0.25340723401
-0.132517915403 -0.255752392769
-0.127588550689 -0.257123215386
-0.123079254229 -0.25930418775
-0.118120893194 -0.260494819207
-0.113949916984 -0.263428401467
-0.109332657085 -0.265370386544
-0.104682208103 -0.267231493552
-0.0999999866124 -0.269011155579
-0.0952874188617 -0.270708830523
-0.0905459403449 -0.272324001256
-0.0857769953623 -0.273856175781
-0.0809820365809 -0.275304887382
-0.076426583779 -0.277634187899
-0.0718143073191 -0.279888120487
-0.0671464411782 -0.282065352008
-0.0624242760299 -0.284164685544
-0.0576491019935 -0.286184829474
-0.0528222611358 -0.288124630475
-0.0479450983113 -0.289982840747
-0.0430190011887 -0.291758323205
-0.0380453807821 -0.29344996458
-0.0330256612089 -0.295056586998
-0.0279613063417 -0.29657715534
-0.0228537911158 -0.298010541074
-0.0177046252325 -0.299355759907
-0.0125556603463 -0.301610908388
-0.0073332343345 -0.303776984637
-0.00203889776716 -0.305852081306
0.00332575390034 -0.30783434803
0.00878855197069 -0.310721515403
0.0143063173537 -0.312512018154
0.0199536803995 -0.315201953425
0.0256993464501 -0.317789064768
0.0315414332274 -0.320270771194
0.0374779958943 -0.322644496657
0.0435070330828 -0.324907730698
0.0496264721307 -0.327057911564
0.0558341921582 -0.329092604938
0.0623134870494 -0.331992052801
0.0689108829762 -0.334764433263
0.0756238909233 -0.337406482283
0.0824499641415 -0.339915071467
0.0896400259242 -0.34325434012
0.0969714958783 -0.346444781539
0.0966876723709 -0.323619685653
0.102323333893 -0.321876370514
0.105364301617 -0.312456791799
0.108108534892 -0.303031439341
0.11126340269 -0.295478874015
0.114188329901 -0.287910220712
0.116883756739 -0.280331221052
0.119350254537 -0.272747595461
0.122006183381 -0.266073564748
0.124466249622 -0.259391311544
0.127180176672 -0.253599156393
0.129265829301 -0.246906917587
0.131637498255 -0.241097749764
0.133351192952 -0.234413404387
0.135382906298 -0.228603991834
0.136727902135 -0.221945255382