0.1613784009 -0.159787340405
0.163415657194 -0.156255106498
0.164643758673 -0.152022815849
0.16652135026 -0.14846044058
0.16756651963 -0.14422727196
0.168515134221 -0.140003180291
0.170148593121 -0.136415076199
0.171708396174 -0.132812732059
0.173194559137 -0.129197630563
0.174607091001 -0.125571222968
0.176768506714 -0.122503835618
0.17804381571 -0.118844780706
0.179245522073 -0.11517863498
0.180373769682 -0.111506848492
0.181428730527 -0.107830864061
0.18327949532 -0.104647124629
0.184197016764 -0.100951801534
0.185041679903 -0.0972564209875
0.186707344949 -0.0940112374333
0.188316120044 -0.0907374782731
0.18986751514 -0.0874361407257
0.191361057667 -0.0841082304104
0.192796292677 -0.080754761041
0.194172782984 -0.0773767541167
0.195490109295 -0.0739752386111
0.19674787034 -0.0705512506587
0.197945682994 -0.0671058332395
0.19908318239 -0.0636400358609
0.200160022036 -0.0601549142384
0.202138693855 -0.0569216262781
0.203097815717 -0.0533842018744
0.203995054933 -0.0498305772531
0.20580578891 -0.0464811741959
0.206582141244 -0.0428813402907
0.20827826078 -0.0394536614203
0.20991738249 -0.0359797243593
0.211498407456 -0.0324604797349
0.213020252671 -0.0288969024564
0.214481851553 -0.0252899914485
0.215882139623 -0.0216407679006
0.217220114299 -0.0179502811265
0.218494746503 -0.0142195986559
0.220703956645 -0.010496399679
0.221849596189 -0.00667118405368
0.222928658465 -0.00280910739419
0.22494017627 0.00109442222355
0.225883038409 0.00504415850802
0.22775544267 0.0090678441255
0.229555615469 0.0131584585239
0.231281776686 0.0173146943864
0.232932214578 0.0215352062937
0.23450519746 0.0258186051876
0.235999034094 0.0301634625466
0.23840149754 0.0347131788882
0.23972939564 0.0391937546872
0.241956729327 0.0439105310526
0.244091552169 0.0487168852175
0.246131448108 0.053611015329
0.248073977835 0.0585910498146
0.249916782292 0.0636550688098
0.251657554284 0.0688011007819
0.25329393923 0.0740270951774
0.255778331461 0.0796288453299
0.258143205393 0.0853395602862
0.260385492789 0.0911567445207
0.262502260663 0.097077858807
0.264490543638 0.103100263518
0.266347430973 0.109221246344
0.268988406425 0.115834088581
0.271478285262 0.122571829105
0.273813550304 0.129431196217
0.276886970163 0.136852353023
0.279783167711 0.144419477147
0.283378191456 0.152603140986
0.285899127368 0.160465499718
0.289093494522 0.168966471554
0.292076401145 0.177626805903
0.295688249789 0.186976464245
0.299060702529 0.196505074615
0.30218858682 0.206207060014
0.305066950931 0.216076785049
0.307690868687 0.226108425778
0.314826573286 0.239934509655
0.317647766652 0.250975081598
0.320177356661 0.262185574033
0.327746624262 0.278089438001
0.330349067228 0.290371915456
0.338534617225 0.30821517623
0.341102031083 0.321625594566
0.347594021509 0.339409987078
0.353565487832 0.357515415319
0.36038823958 0.377375676508
0.368654839272 0.399784678927
0.376909303506 0.423339241413
0.385101028554 0.448057084454
0.39445508503 0.475493446811
0.39546557129 0.494017532594
0.403280159255 0.522216692105
0.989098783682 1.60324200453
1.33560657472 2.9077204994
1.28987205991 2.94249447629
1.22868279312 2.94149008568
1.16644740897 2.93553604451
1.01504564069 3.00393139705
0.953659098015 2.99355801505
0.755683157954 2.69380428765
0.19416046361 3.02757663696
-0.103676470087 1.78078752272
-0.249089798466 2.66920809617
-0.295198476867 2.66047973099
-0.665845632936 3.32275657403
-0.757049854996 3.46303278365
-0.787634580961 3.32376914631
-0.879928844989 3.44419323659
-0.947839028425 3.45724531645
-1.02631122059 3.50255554146
-0.886906945859 2.67671829833
-0.422780196509 0.596176169425
-2.24386227129 2.29672218124
-2.24733802252 2.22135834184
-2.823484283 2.1796483153
-3.07737761362 2.20865356584
-3.10887911325 2.15005958866
-3.42972741211 2.28452996339
-2.88145010604 1.7086199393
-2.88737432646 1.64470725662
-0.623007064371 0.340434106548
-0.62885708251 0.329510232719
-0.630047541459 0.316241655999
-0.622856038445 0.299133927704
-0.630711487195 0.289471172378
-0.621016932628 0.271997041555
-1.81874457612 0.722448106184
-1.83201510108 0.690950515663
-1.87298937027 0.669307938049
-1.82944082113 0.617951803346
-1.74657409171 0.556183787223
-1.44371955508 0.432100967281
-0.64707940734 0.181306392761
-0.575658866622 0.15048601473
-0.472288754575 0.114657117915
-0.477148313696 0.107056042937
-0.482864858493 0.0995224138082
-0.48158361326 0.0905255854635
-0.484079444087 0.0822759280661
-0.48742228898 0.0741174884227
-0.490627201008 0.0658673987383
-0.493691997894 0.0575279989188
-0.496614537206 0.0491016771494
-0.500389354698 0.0406722859814
-0.503022414888 0.0320620703458
-0.505506675952 0.0233723567613
-0.508839845916 0.0146348775011
-0.513021006212 0.00579990539093
-0.220052444824 -0.0014669847422
-0.516916869856 -0.0121987962311
-0.610551034038 -0.0250386612656
-0.552122460572 -0.0323206592637
-0.47768903121 -0.0363638591456
-0.452093231597 -0.0423719860684
-0.434392039563 -0.0483804304747
-0.418607596516 -0.0540395922715
-0.403751923575 -0.0593079331847
-0.387857315724 -0.0639126424015
-0.378815973189 -0.0692364899025
-0.362845769634 -0.0728894090126
-0.352729506413 -0.0772880445384
-0.343545943733 -0.0815868536893
-0.329477728586 -0.0843516499185
-0.320243542824 -0.0879730326276
-0.310985677176 -0.0912983836445
-0.302666205285 -0.0946258795462
-0.294327335412 -0.0976913702264
-0.285975667213 -0.100495227617
-0.278555477165 -0.103385392829
-0.272054732107 -0.10641148518
-0.264609613827 -0.108862722969
-0.258081680959 -0.111483143674
-0.252455498639 -0.114321418268
-0.246809927255 -0.116997698969
-0.241148925399 -0.119512205626
-0.235476410802 -0.121865234002
-0.230676531449 -0.124531721193
-0.217565630196 -0.127454758953
-0.211894851257 -0.129151584752
-0.207077139383 -0.13122467031
-0.202252354701 -0.133169354754
-0.197423515315 -0.134986044281
-0.192593622465 -0.136675211599
-0.188571245063 -0.138829802343
-0.183737653649 -0.14027953099
-0.179696053788 -0.142223504999
-0.175643028966 -0.14406945493
-0.171580762919 -0.145817582433
-0.167511439908 -0.147468145243
-0.163437198845 -0.149021417705
-0.159360200004 -0.15047774889
-0.155282578819 -0.151837523479
-0.151206466801 -0.15310118163
-0.147133948529 -0.154269176383
-0.143744902956 -0.156077304915
-0.13967290943 -0.157067308661
-0.136262249168 -0.158721603008
-0.132836563708 -0.160304851558
-0.129397299422 -0.161817048677
-0.125945888728 -0.16325820603
-0.122483759444 -0.164628363563
-0.119012334235 -0.165927589349
-0.115533030071 -0.167155979417
-0.112047265945 -0.168313669973
-0.108556429074 -0.169400787751
-0.105061924587 -0.170417523786
-0.102075238066 -0.172224203417
-0.0990574755246 -0.173978483015
-0.0955297879092 -0.174802430673
-0.0924680260023 -0.176442083739
-0.0889292592252 -0.177134445244
-0.085827803345 -0.178658548025
-0.0827002205704 -0.180128290809
-0.0795474635937 -0.181543225899
-0.076370492775 -0.182902922292
-0.0731702758505 -0.184206965811
-0.0699477876372 -0.185454959231
-0.0667040097362 -0.186646522403
-0.0634399302336 -0.187781292364
-0.0601565433998 -0.188858923452
-0.0568548493861 -0.189879087411
-0.0538059542847 -0.191804307767
-0.0504538234527 -0.192713190068
-0.0470863409832 -0.193563431192
-0.0439238719929 -0.195330422856
-0.0407139855465 -0.197045632108
-0.0372723749627 -0.197725229773
-0.0339874050779 -0.199330452491
-0.0306576882218 -0.200880866831
-0.0272841463212 -0.20237542853
-0.0238677179109 -0.203813064625
-0.0204093676298 -0.205192732767
-0.0169100834468 -0.206513407026
-0.0133708763802 -0.207774078393
-0.009792780206 -0.208973755271
-0.00617685072271 -0.210111449068
-0.00253586450797 -0.212186167863
0.00116992610276 -0.213197144931
0.00493345479599 -0.215142773004
0.00872460315008 -0.216022132127
0.0126060352496 -0.21783262991
0.0165533028591 -0.219572795009
0.0205651216169 -0.221240866792
0.0246401669002 -0.222835123078
0.0287770717529 -0.224353851369
0.0329744346859 -0.225795408886
0.037230809516 -0.227158134672
0.0415447100151 -0.228440395011
0.0461110756329 -0.230621142794
0.0505525134796 -0.231734193798
0.0552772878165 -0.233734856973
0.0600871037976 -0.235640255369
0.0649800562596 -0.237448019413
0.0699541828027 -0.239155817428
0.0750074778575 -0.240761399589
0.0804523558005 -0.243211777136
0.0860052357547 -0.245544194623
0.0913162401809 -0.246817995275
0.0970613241316 -0.248911755876
0.102906891436 -0.250879000018
0.108454215269 -0.251798582336
0.114476633771 -0.253511260885
0.120163549144 -0.254185381465
0.125464959804 -0.253841091837
0.129872477969 -0.251611816805
0.132816784876 -0.246665275124
0.134648771141 -0.239949716711
0.136792542513 -0.234109738453
0.138774118228 -0.228269013814
0.140594159446 -0.222431439572
0.142802815764 -0.21743632462
0.144880480879 -0.212432598716
0.146827523444 -0.207423279026
0.148644376519 -0.202411367604
0.150331591394 -0.197399921179
0.151889732419 -0.192391904806
0.153319436414 -0.187390275942
0.155268610411 -0.183160327147
0.156456869064 -0.178168915818
0.158192208682 -0.173931717558
0.159827735298 -0.169688608829
0.160665000666 -0.164726455402